# Created by Octave 4.0.0, Mon Aug 06 19:10:59 2018 ART <alexis@alexis>
# name: to_save
# type: matrix
# rows: 94
# columns: 1
 1
 1
 1
 1.732050807568877
 1
 1
 1
 1.732050807568877
 1
 1
 1
 1.732050807568877
 1
 1
 1
 1.732050807568877
 1
 1
 1
 1.732050807568877
 1
 1
 1.732050807568877
 1
 1
 1
 1.732050807568877
 1
 1
 1.732050807568877
 1
 1
 1
 1.732050807568877
 1
 1
 1
 1.732050807568877
 1
 1
 1.732050807568877
 1
 1
 1.732050807568877
 1
 1
 1
 1.732050807568877
 1
 1
 1
 1.732050807568877
 1
 1
 1
 1.732050807568877
 1
 1
 1
 1.732050807568877
 1
 1
 1
 1.732050807568877
 1
 1
 1.732050807568877
 1
 1.732050807568877
 1
 1
 1.732050807568877
 1
 1
 1
 1.732050807568877
 1
 1.732050807568877
 1
 1
 1.732050807568877
 1
 1
 1.732050807568877
 1
 1
 1
 1.732050807568877
 1
 1.732050807568877
 1
 1.732050807568877
 1
 1.732050807568877


# name: num_el
# type: scalar
35


# name: num_fc
# type: scalar
94


