# Created by Octave 4.0.3, Fri Jul 20 12:43:07 2018 -03 <alexis@debian>
# name: to_save
# type: matrix
# rows: 94
# columns: 1
 1
 1
 1
 1.732050807568877
 1
 1
 1
 1.732050807568877
 1
 1
 1
 1.732050807568877
 1
 1
 1
 1.732050807568877
 1
 1
 1
 1.732050807568877
 1
 1
 1.732050807568877
 1
 1
 1
 1.732050807568877
 1
 1
 1.732050807568877
 1
 1
 1
 1.732050807568877
 1
 1
 1
 1.732050807568877
 1
 1
 1.732050807568877
 1
 1
 1.732050807568877
 1
 1
 1
 1.732050807568877
 1
 1
 1
 1.732050807568877
 1
 1
 1
 1.732050807568877
 1
 1
 1
 1.732050807568877
 1
 1
 1
 1.732050807568877
 1
 1
 1.732050807568877
 1
 1.732050807568877
 1
 1
 1.732050807568877
 1
 1
 1
 1.732050807568877
 1
 1.732050807568877
 1
 1
 1.732050807568877
 1
 1
 1.732050807568877
 1
 1
 1
 1.732050807568877
 1
 1.732050807568877
 1
 1.732050807568877
 1
 1.732050807568877


# name: num_el
# type: scalar
35


# name: num_fc
# type: scalar
94


