# Created by Octave 4.0.3, Thu Jan 04 19:29:34 2018 -03 <alexis@debian>
# name: to_save
# type: matrix
# rows: 506
# columns: 1
 0.25
 0.25
 0.25
 0.25
 0.3535533905932738
 0.25
 0.25
 0.25
 0.4330127018922193
 0.25
 0.25
 0.25
 0.4330127018922193
 0.25
 0.4330127018922193
 0.25
 0.25
 0.4330127018922193
 0.0190467601
 0.0190467601
 0.1189632399
 0.1189632399
 0.1682394272904241
 0.430995
 0.5320906965321833
 0.7430267601
 0.7465052378081483
 0.430995
 0.7430267601
 0.5320906965321833
 0.7465052378081483
 0.1189632399
 0.2060503757398051
 0.0190467601
 0.0190467601
 0.03298995621277567
 0.0190467601
 0.0190467601
 0.1189632399
 0.1189632399
 0.1682394272904241
 0.430995
 0.5320906965321833
 0.7430267601
 0.7465052378081483
 0.430995
 0.7430267601
 0.5320906965321833
 0.7465052378081483
 0.1189632399
 0.2060503757398051
 0.0190467601
 0.0190467601
 0.03298995621277567
 0.0190467601
 0.0190467601
 0.1189632399
 0.1189632399
 0.1682394272904241
 0.430995
 0.5320906965321833
 0.7430267601
 0.7465052378081483
 0.430995
 0.7430267601
 0.5320906965321833
 0.7465052378081483
 0.1189632399
 0.2060503757398051
 0.0190467601
 0.0190467601
 0.03298995621277567
 0.03298995621277567
 0.7067756080256308
 0.7067756080256308
 0.7067756080256308
 0.2008076459672685
 0.2008076459672685
 0.7275112164599252
 0.7275112164599252
 0.25
 0.25
 0.25
 0.25
 0.3535533905932738
 0.25
 0.25
 0.25
 0.4330127018922193
 0.25
 0.25
 0.25
 0.4330127018922193
 0.25
 0.4330127018922193
 0.25
 0.25
 0.4330127018922193
 0.0190467601
 0.0190467601
 0.1189632399
 0.1682394272904241
 0.430995
 0.5320906965321833
 0.7465052378081483
 0.430995
 0.7430267601
 0.5320906965321833
 0.7465052378081483
 0.1189632399
 0.2060503757398051
 0.0190467601
 0.03298995621277567
 0.0190467601
 0.0190467601
 0.1189632399
 0.1189632399
 0.1682394272904241
 0.430995
 0.5320906965321833
 0.7430267601
 0.7465052378081483
 0.430995
 0.7430267601
 0.5320906965321833
 0.7465052378081483
 0.1189632399
 0.2060503757398051
 0.0190467601
 0.0190467601
 0.03298995621277567
 0.0190467601
 0.0190467601
 0.1189632399
 0.1682394272904241
 0.430995
 0.5320906965321833
 0.7465052378081483
 0.430995
 0.7430267601
 0.5320906965321833
 0.7465052378081483
 0.1189632399
 0.2060503757398051
 0.0190467601
 0.03298995621277567
 0.03298995621277567
 0.7067756080256308
 0.7067756080256308
 0.7067756080256308
 0.2008076459672685
 0.2008076459672685
 0.7275112164599252
 0.7275112164599252
 0.25
 0.25
 0.25
 0.25
 0.3535533905932738
 0.25
 0.25
 0.25
 0.4330127018922193
 0.25
 0.25
 0.25
 0.4330127018922193
 0.25
 0.4330127018922193
 0.25
 0.25
 0.4330127018922193
 0.0190467601
 0.0190467601
 0.1189632399
 0.1189632399
 0.1682394272904241
 0.430995
 0.5320906965321833
 0.7430267601
 0.7465052378081483
 0.430995
 0.7430267601
 0.5320906965321833
 0.7465052378081483
 0.1189632399
 0.2060503757398051
 0.0190467601
 0.0190467601
 0.03298995621277567
 0.0190467601
 0.0190467601
 0.1189632399
 0.1682394272904241
 0.430995
 0.5320906965321833
 0.7465052378081483
 0.430995
 0.7430267601
 0.5320906965321833
 0.7465052378081483
 0.1189632399
 0.2060503757398051
 0.0190467601
 0.03298995621277567
 0.0190467601
 0.0190467601
 0.1189632399
 0.1682394272904241
 0.430995
 0.5320906965321833
 0.7430267601
 0.7465052378081483
 0.430995
 0.5320906965321833
 0.7465052378081483
 0.1189632399
 0.2060503757398051
 0.0190467601
 0.03298995621277567
 0.03298995621277567
 0.7067756080256308
 0.7067756080256308
 0.7067756080256308
 0.2008076459672685
 0.2008076459672685
 0.7275112164599252
 0.7275112164599252
 0.25
 0.25
 0.25
 0.25
 0.3535533905932738
 0.25
 0.25
 0.25
 0.4330127018922193
 0.25
 0.25
 0.25
 0.4330127018922193
 0.25
 0.4330127018922193
 0.25
 0.25
 0.4330127018922193
 0.0190467601
 0.0190467601
 0.1189632399
 0.1189632399
 0.1682394272904241
 0.430995
 0.5320906965321833
 0.7430267601
 0.7465052378081483
 0.430995
 0.7430267601
 0.5320906965321833
 0.7465052378081483
 0.1189632399
 0.2060503757398051
 0.0190467601
 0.0190467601
 0.03298995621277567
 0.0190467601
 0.0190467601
 0.1189632399
 0.1189632399
 0.1682394272904241
 0.430995
 0.5320906965321833
 0.7430267601
 0.7465052378081483
 0.430995
 0.7430267601
 0.5320906965321833
 0.7465052378081483
 0.1189632399
 0.2060503757398051
 0.0190467601
 0.0190467601
 0.03298995621277567
 0.0190467601
 0.0190467601
 0.1189632399
 0.1189632399
 0.1682394272904241
 0.430995
 0.5320906965321833
 0.7430267601
 0.7465052378081483
 0.430995
 0.7430267601
 0.5320906965321833
 0.7465052378081483
 0.1189632399
 0.2060503757398051
 0.0190467601
 0.0190467601
 0.03298995621277567
 0.03298995621277567
 0.7067756080256308
 0.7067756080256308
 0.7067756080256308
 0.2008076459672685
 0.2008076459672685
 0.7275112164599252
 0.7275112164599252
 0.25
 0.25
 0.25
 0.25
 0.3535533905932738
 0.25
 0.25
 0.25
 0.4330127018922193
 0.25
 0.25
 0.25
 0.4330127018922193
 0.25
 0.4330127018922193
 0.25
 0.25
 0.4330127018922193
 0.0190467601
 0.0190467601
 0.1189632399
 0.1682394272904241
 0.430995
 0.5320906965321833
 0.7430267601
 0.7465052378081483
 0.430995
 0.5320906965321833
 0.7465052378081483
 0.1189632399
 0.2060503757398051
 0.0190467601
 0.03298995621277567
 0.0190467601
 0.0190467601
 0.1682394272904241
 0.430995
 0.5320906965321833
 0.7465052378081483
 0.430995
 0.5320906965321833
 0.7465052378081483
 0.1189632399
 0.2060503757398051
 0.03298995621277567
 0.0190467601
 0.0190467601
 0.1189632399
 0.1682394272904241
 0.430995
 0.5320906965321833
 0.7430267601
 0.7465052378081483
 0.430995
 0.5320906965321833
 0.7465052378081483
 0.1189632399
 0.2060503757398051
 0.0190467601
 0.03298995621277567
 0.03298995621277567
 0.7067756080256308
 0.7067756080256308
 0.7067756080256308
 0.2008076459672685
 0.2008076459672685
 0.7275112164599252
 0.7275112164599252
 0.25
 0.25
 0.25
 0.25
 0.3535533905932738
 0.25
 0.25
 0.25
 0.4330127018922193
 0.25
 0.25
 0.25
 0.4330127018922193
 0.25
 0.4330127018922193
 0.25
 0.25
 0.4330127018922193
 0.0190467601
 0.0190467601
 0.1682394272904241
 0.430995
 0.5320906965321833
 0.7465052378081483
 0.430995
 0.5320906965321833
 0.7465052378081483
 0.1189632399
 0.2060503757398051
 0.03298995621277567
 0.0190467601
 0.0190467601
 0.1189632399
 0.1682394272904241
 0.430995
 0.5320906965321833
 0.7430267601
 0.7465052378081483
 0.430995
 0.5320906965321833
 0.7465052378081483
 0.1189632399
 0.2060503757398051
 0.0190467601
 0.03298995621277567
 0.0190467601
 0.0190467601
 0.1189632399
 0.1682394272904241
 0.430995
 0.5320906965321833
 0.7465052378081483
 0.430995
 0.7430267601
 0.5320906965321833
 0.7465052378081483
 0.1189632399
 0.2060503757398051
 0.0190467601
 0.03298995621277567
 0.03298995621277567
 0.7067756080256308
 0.7067756080256308
 0.7067756080256308
 0.2008076459672685
 0.2008076459672685
 0.7275112164599252
 0.7275112164599252
 0.25
 0.25
 0.25
 0.25
 0.3535533905932738
 0.25
 0.25
 0.25
 0.4330127018922193
 0.25
 0.25
 0.25
 0.4330127018922193
 0.25
 0.4330127018922193
 0.25
 0.25
 0.4330127018922193
 0.0190467601
 0.0190467601
 0.1682394272904241
 0.430995
 0.5320906965321833
 0.7465052378081483
 0.430995
 0.5320906965321833
 0.7465052378081483
 0.1189632399
 0.2060503757398051
 0.03298995621277567
 0.0190467601
 0.0190467601
 0.1682394272904241
 0.430995
 0.5320906965321833
 0.7465052378081483
 0.430995
 0.5320906965321833
 0.7465052378081483
 0.1189632399
 0.2060503757398051
 0.03298995621277567
 0.0190467601
 0.0190467601
 0.1682394272904241
 0.430995
 0.5320906965321833
 0.7465052378081483
 0.430995
 0.5320906965321833
 0.7465052378081483
 0.1189632399
 0.2060503757398051
 0.03298995621277567
 0.03298995621277567
 0.7067756080256308
 0.7067756080256308
 0.7067756080256308
 0.2008076459672685
 0.2008076459672685
 0.7275112164599252
 0.7275112164599252


# name: num_el
# type: scalar
196


# name: num_fc
# type: scalar
506


