function [p] = quad_points()
% these points are for the ERROR quadratures
  error_points = [
    0.33333333333333 0.33333333333333 0.930568155797026;
    0.45929258829272 0.45929258829272 0.930568155797026;
    0.45929258829272 0.08141482341455 0.930568155797026;
    0.08141482341455 0.45929258829272 0.930568155797026;
    0.17056930775176 0.17056930775176 0.930568155797026;
    0.17056930775176 0.65886138449648 0.930568155797026;
    0.65886138449648 0.17056930775176 0.930568155797026;
    0.05054722831703 0.05054722831703 0.930568155797026;
    0.05054722831703 0.89890554336594 0.930568155797026;
    0.89890554336594 0.05054722831703 0.930568155797026;
    0.26311282963464 0.72849239295540 0.930568155797026;
    0.72849239295540 0.00839477740996 0.930568155797026;
    0.00839477740996 0.26311282963464 0.930568155797026;
    0.72849239295540 0.26311282963464 0.930568155797026;
    0.26311282963464 0.00839477740996 0.930568155797026;
    0.00839477740996 0.72849239295540 0.930568155797026;

    0.33333333333333 0.33333333333333 0.669990521792428;
    0.45929258829272 0.45929258829272 0.669990521792428;
    0.45929258829272 0.08141482341455 0.669990521792428;
    0.08141482341455 0.45929258829272 0.669990521792428;
    0.17056930775176 0.17056930775176 0.669990521792428;
    0.17056930775176 0.65886138449648 0.669990521792428;
    0.65886138449648 0.17056930775176 0.669990521792428;
    0.05054722831703 0.05054722831703 0.669990521792428;
    0.05054722831703 0.89890554336594 0.669990521792428;
    0.89890554336594 0.05054722831703 0.669990521792428;
    0.26311282963464 0.72849239295540 0.669990521792428;
    0.72849239295540 0.00839477740996 0.669990521792428;
    0.00839477740996 0.26311282963464 0.669990521792428;
    0.72849239295540 0.26311282963464 0.669990521792428;
    0.26311282963464 0.00839477740996 0.669990521792428;
    0.00839477740996 0.72849239295540 0.669990521792428;

    0.33333333333333 0.33333333333333 0.330009478207572;
    0.45929258829272 0.45929258829272 0.330009478207572;
    0.45929258829272 0.08141482341455 0.330009478207572;
    0.08141482341455 0.45929258829272 0.330009478207572;
    0.17056930775176 0.17056930775176 0.330009478207572;
    0.17056930775176 0.65886138449648 0.330009478207572;
    0.65886138449648 0.17056930775176 0.330009478207572;
    0.05054722831703 0.05054722831703 0.330009478207572;
    0.05054722831703 0.89890554336594 0.330009478207572;
    0.89890554336594 0.05054722831703 0.330009478207572;
    0.26311282963464 0.72849239295540 0.330009478207572;
    0.72849239295540 0.00839477740996 0.330009478207572;
    0.00839477740996 0.26311282963464 0.330009478207572;
    0.72849239295540 0.26311282963464 0.330009478207572;
    0.26311282963464 0.00839477740996 0.330009478207572;
    0.00839477740996 0.72849239295540 0.330009478207572;

    0.33333333333333 0.33333333333333 0.069431844202974;
    0.45929258829272 0.45929258829272 0.069431844202974;
    0.45929258829272 0.08141482341455 0.069431844202974;
    0.08141482341455 0.45929258829272 0.069431844202974;
    0.17056930775176 0.17056930775176 0.069431844202974;
    0.17056930775176 0.65886138449648 0.069431844202974;
    0.65886138449648 0.17056930775176 0.069431844202974;
    0.05054722831703 0.05054722831703 0.069431844202974;
    0.05054722831703 0.89890554336594 0.069431844202974;
    0.89890554336594 0.05054722831703 0.069431844202974;
    0.26311282963464 0.72849239295540 0.069431844202974;
    0.72849239295540 0.00839477740996 0.069431844202974;
    0.00839477740996 0.26311282963464 0.069431844202974;
    0.72849239295540 0.26311282963464 0.069431844202974;
    0.26311282963464 0.00839477740996 0.069431844202974;
    0.00839477740996 0.72849239295540 0.069431844202974
    ].';
  p = {
    error_points   % ref prism points
  };
endfunction