%% ERROR quadratures
function [valueQ] = quadrature(normalizationConst, functionValues, cell_index)
  QUADRATURE_WEIGHTS 	= {};
  QUADRATURE_WEIGHTS(4) = [1];
  QUADRATURE_WEIGHTS(5) = ones(14,1);    

  QUADRATURE_WEIGHTS(6) = [ 0.050200883359675;
							0.033078085711912;
							0.033078085711912;
							0.033078085711912;
							0.035904662442850;
							0.035904662442850;
							0.035904662442850;
							0.011290845664113;
							0.011290845664113;
							0.011290845664113;
							0.009472196720191;
							0.009472196720191;
							0.009472196720191;
							0.009472196720191;
							0.009472196720191;
							0.009472196720191;
							0.094114724318115;
							0.062013548555368;
							0.062013548555368;
							0.062013548555368;
							0.067312708091870;
							0.067312708091870;
							0.067312708091870;
							0.021167651959087;
							0.021167651959087;
							0.021167651959087;
							0.017758117454239;
							0.017758117454239;
							0.017758117454239;
							0.017758117454239;
							0.017758117454239;
							0.017758117454239;
							0.094114724318115;
							0.062013548555368;
							0.062013548555368;
							0.062013548555368;
							0.067312708091870;
							0.067312708091870;
							0.067312708091870;
							0.021167651959087;
							0.021167651959087;
							0.021167651959087;
							0.017758117454239;
							0.017758117454239;
							0.017758117454239;
							0.017758117454239;
							0.017758117454239;
							0.017758117454239;
							0.050200883359675;
							0.033078085711912;
							0.033078085711912;
							0.033078085711912;
							0.035904662442850;
							0.035904662442850;
							0.035904662442850;
							0.011290845664113;
							0.011290845664113;
							0.011290845664113;
							0.009472196720191;
							0.009472196720191;
							0.009472196720191;
							0.009472196720191;
							0.009472196720191;
							0.009472196720191];
	cell_const 			= {0, 0, 0, 1, 1, .25};
	normalizationConst *= cell_const{cell_index};
	valueQ 				= normalizationConst * (functionValues * QUADRATURE_WEIGHTS{cell_index}); 
end
